Some((
    red: 0.83975255,
    green: 0.85893947,
    blue: 0.87428385,
))