Some((
    red: 0.31372553,
    green: 0.5411765,
    blue: 0.8392157,
))