Some((
    red: 0.05882353,
    green: 0.06666667,
    blue: 0.08235294,
    alpha: 1.0,
))