Some((
    red: 0.2253319,
    green: 0.39324734,
    blue: 0.6122691,
))