Some((
    red: 0.10980392,
    green: 0.13333334,
    blue: 0.17254902,
    alpha: 1.0,
))